<?xml version="1.0"?>
<opencv_storage>
<calibration_time>"Thu 16 Feb 2017 15:23:58 GMT"</calibration_time>
<nr_of_frames>25</nr_of_frames>
<image_width>640</image_width>
<image_height>480</image_height>
<board_width>9</board_width>
<board_height>6</board_height>
<square_size>50.</square_size>
<fix_aspect_ratio>1.</fix_aspect_ratio>
<!-- flags: +fix_aspectRatio +fix_principal_point +zero_tangent_dist +fix_k4 +fix_k5 -->
<flags>6158</flags>
<fisheye_model>0</fisheye_model>
<camera_matrix type_id="opencv-matrix">
  <rows>3</rows>
  <cols>3</cols>
  <dt>d</dt>
  <data>
    7.2318972690980866e+02 0. 320. 0. 7.2318972690980866e+02 240. 0. 0.
    1.</data></camera_matrix>
<distortion_coefficients type_id="opencv-matrix">
  <rows>5</rows>
  <cols>1</cols>
  <dt>d</dt>
  <data>
    -2.4576185225252875e-01 3.8164560438114470e-01 0. 0.
    -6.1249612939186038e-01</data></distortion_coefficients>
<avg_reprojection_error>4.3380867394908890e-01</avg_reprojection_error>
<per_view_reprojection_errors type_id="opencv-matrix">
  <rows>25</rows>
  <cols>1</cols>
  <dt>f</dt>
  <data>
    3.45226586e-01 2.95094103e-01 5.79165995e-01 2.68846005e-01
    2.85545379e-01 2.52935916e-01 4.58286047e-01 9.32777405e-01
    8.32315922e-01 5.09141147e-01 4.27160740e-01 2.38166407e-01
    3.38053256e-01 3.29285711e-01 3.34485680e-01 2.71322459e-01
    3.33829343e-01 4.75709409e-01 2.65687078e-01 6.69901907e-01
    2.79776394e-01 3.11245680e-01 2.71388531e-01 3.31000954e-01
    2.24347621e-01</data></per_view_reprojection_errors>
<!-- a set of 6-tuples (rotation vector + translation vector) for each view -->
<extrinsic_parameters type_id="opencv-matrix">
  <rows>25</rows>
  <cols>6</cols>
  <dt>d</dt>
  <data>
    -2.5321542312483181e-01 1.8087925709293178e-02
    5.7325987275786146e-02 -1.4211155893045836e+02
    -1.4948944318042652e+02 8.5229782746085527e+02
    -2.5756751865688887e-01 1.8460769743599115e-02
    6.0745701735716147e-02 -1.4083895908693520e+02
    -1.4936065638542144e+02 8.4832675187568532e+02
    -2.6130707753851107e-01 2.0031829428145857e-02
    5.9010891835248359e-02 -1.5271213793686195e+02
    -1.4948063155787190e+02 8.6158409234166743e+02
    -2.6598573976743090e-01 2.7095725560681877e-02
    4.5340754813552112e-02 -1.4681899359243420e+02
    -1.4338779462724330e+02 8.5843512955281756e+02
    -2.7276458224208489e-01 2.8211048725151792e-02
    4.9324512978058115e-02 -1.4131862127064963e+02
    -1.4076301622459633e+02 8.5951894960925699e+02
    -2.6968100617632351e-01 4.9093799429066012e-02
    4.9132495318617422e-02 -1.3973757633551182e+02
    -1.4817247518224784e+02 8.5865443707315148e+02
    -2.7869188927776678e-01 6.9474481745708555e-02
    3.7991545563824509e-02 -1.5584248956028983e+02
    -1.5023817462980486e+02 8.7040230331186388e+02
    -2.7648552703600632e-01 4.6781689573745580e-02
    -2.3442099831384965e-02 -2.3447844391416839e+02
    -1.8225972387944194e+02 8.7013260958447404e+02
    -2.5145396711416240e-01 2.1553896413415232e-02
    -5.0132167694160207e-02 -2.6908352830874787e+02
    -1.9964756103315955e+02 8.5255260504088312e+02
    -2.2081762466849295e-01 -1.4280327388630132e-02
    -7.7719731669542422e-02 -2.9611182905829997e+02
    -2.1027687070639439e+02 8.2873292024172974e+02
    -1.9953782953199267e-01 -3.6911774771955869e-02
    -8.3546585829627207e-02 -3.0929179954069173e+02
    -2.1126675050745240e+02 8.1853906310767854e+02
    -2.0302877291915689e-01 -6.2580430331945186e-02
    -7.7548407631077329e-02 -3.0505960414007757e+02
    -2.0216496451650110e+02 8.1797231619302931e+02
    -2.3640468351233479e-01 -1.6356813806405638e-02
    -2.8461537123243022e-02 -2.4500514835624875e+02
    -1.7707312563295855e+02 8.4229329248543843e+02
    -2.3542900743910430e-01 -1.6977046889179941e-02
    -1.5314715803797554e-02 -2.2889769829581294e+02
    -1.6351413499889804e+02 8.5382304637295749e+02
    -2.4827866109321539e-01 -2.3392476171985584e-02
    -1.3042856894165161e-02 -2.2063565755985800e+02
    -1.5511103033164898e+02 8.6489454141363603e+02
    -2.7640958254607073e-01 -8.9650957776599739e-03
    1.0889627567897946e-02 -1.8452491305659424e+02
    -1.3801438665028567e+02 8.8482735643246178e+02
    -2.9065204741098294e-01 1.6396132469232785e-02
    2.6723737658146056e-02 -1.5714857889805072e+02
    -1.2191866389665753e+02 8.9831844471446584e+02
    -3.0735116021958026e-01 3.7230813379793677e-02
    3.6755138660077860e-02 -1.3353758537305447e+02
    -1.0533421502764429e+02 9.1234210160955331e+02
    -3.4294527181834983e-01 8.3497117373416183e-02
    3.6068757605394665e-02 -1.1124508901599083e+02
    -9.6877745793440255e+01 9.2392294200660501e+02
    -3.3585510101743915e-01 8.0757316216164041e-02
    -4.0222689338350257e-03 -1.5033529490039464e+02
    -1.3152373701255908e+02 9.1993515583470571e+02
    -2.8054545327360775e-01 5.3276774164562037e-02
    -2.4992542172404521e-02 -1.7141172058051018e+02
    -1.5156959925607040e+02 8.9155484195005397e+02
    -2.4961137648307125e-01 4.3329087257619428e-02
    -2.9163911035113496e-02 -1.8642036907139050e+02
    -1.7011239560005689e+02 8.6850542192081048e+02
    -1.5263174797596335e-01 1.3738222687470174e-02
    -2.8980859041982776e-02 -2.0141899655405354e+02
    -2.0310170407054937e+02 8.3691013459808335e+02
    -1.3666471033286431e-01 1.9821792025425285e-02
    -1.1637870111498985e-02 -1.9969676921766919e+02
    -1.9557367821541374e+02 8.2923518392093104e+02
    -1.1582510342996674e-01 1.0245410263905330e-02
    -2.3084832547046056e-03 -1.9642150391562564e+02
    -1.8701749840749014e+02 8.2762777469510831e+02</data></extrinsic_parameters>
