<?xml version="1.0"?>
<opencv_storage>
<calibration_time>"Thu 16 Feb 2017 15:26:44 GMT"</calibration_time>
<nr_of_frames>25</nr_of_frames>
<image_width>640</image_width>
<image_height>480</image_height>
<board_width>9</board_width>
<board_height>6</board_height>
<square_size>50.</square_size>
<fix_aspect_ratio>1.</fix_aspect_ratio>
<!-- flags: +fix_aspectRatio +fix_principal_point +zero_tangent_dist +fix_k4 +fix_k5 -->
<flags>6158</flags>
<fisheye_model>0</fisheye_model>
<camera_matrix type_id="opencv-matrix">
  <rows>3</rows>
  <cols>3</cols>
  <dt>d</dt>
  <data>
    6.1508100475072445e+02 0. 320. 0. 6.1508100475072445e+02 240. 0. 0.
    1.</data></camera_matrix>
<distortion_coefficients type_id="opencv-matrix">
  <rows>5</rows>
  <cols>1</cols>
  <dt>d</dt>
  <data>
    -1.6854769934745920e-01 1.6927518300949451e-01 0. 0.
    -3.7687171138885378e-01</data></distortion_coefficients>
<avg_reprojection_error>6.7371193084164038e-01</avg_reprojection_error>
<per_view_reprojection_errors type_id="opencv-matrix">
  <rows>25</rows>
  <cols>1</cols>
  <dt>f</dt>
  <data>
    7.67686367e-01 6.26414835e-01 5.92714787e-01 4.70502406e-01
    6.47140861e-01 6.83699071e-01 3.16795170e-01 3.22660655e-01
    4.14728850e-01 2.73228437e-01 1.01451349e+00 6.56663597e-01
    3.52495670e-01 4.36644584e-01 3.85545343e-01 3.85103792e-01
    2.25589827e-01 5.74818194e-01 4.15646583e-01 2.87502408e-01
    7.47810602e-01 6.78977728e-01 3.51864696e-01 1.99500763e+00
    7.88851023e-01</data></per_view_reprojection_errors>
<!-- a set of 6-tuples (rotation vector + translation vector) for each view -->
<extrinsic_parameters type_id="opencv-matrix">
  <rows>25</rows>
  <cols>6</cols>
  <dt>d</dt>
  <data>
    -1.8667826157738115e-01 -4.6091447471980941e-02
    -5.1347047223673094e-02 -1.9800516515645640e+02
    -1.3482895851891720e+02 6.2636674616524613e+02
    -1.8252502117281527e-01 -4.6633039012820857e-02
    -6.7059491944025662e-02 -2.1707135065597748e+02
    -1.4383438272131266e+02 6.2896583948835075e+02
    -1.9081099756074968e-01 -5.4336026171073082e-02
    -6.9848026418282805e-02 -2.2598868197849049e+02
    -1.4039229236769776e+02 6.3935549582462261e+02
    -1.8435720601317454e-01 -5.9239171210042095e-02
    -7.0890891502691289e-02 -2.2901566569929454e+02
    -1.4441261412792656e+02 6.3612854219236681e+02
    -1.8421206359202197e-01 -5.9818188050931434e-02
    -7.4122745921228750e-02 -2.3466906915771992e+02
    -1.4496772198726674e+02 6.3553177444948903e+02
    -1.8985460111394806e-01 -8.6018287995408782e-02
    -8.7057833008195931e-02 -2.7676705267928912e+02
    -1.5129405353547699e+02 6.4372733097541686e+02
    -1.8639318382177616e-01 -9.0695956986514406e-02
    -8.9089103000405456e-02 -2.6639942226181228e+02
    -1.4534089389076294e+02 6.4963751776719641e+02
    -1.8715596917052774e-01 -8.8247281229889937e-02
    -7.6112453141541248e-02 -2.3960029603389643e+02
    -1.3558704813576756e+02 6.5626005451904643e+02
    -1.9596345210663982e-01 -8.6978959668148559e-02
    -7.0422699501378180e-02 -2.1608066482689952e+02
    -1.3144761860454412e+02 6.5789822489024732e+02
    -1.9209678254425838e-01 -8.2888216741483417e-02
    -6.4052611587496894e-02 -2.0341696779132670e+02
    -1.2507695408687266e+02 6.6909405968499618e+02
    -2.0663251351058634e-01 -9.4121475403289412e-02
    -7.3186393422512958e-02 -2.3709751647877681e+02
    -1.3565373021570107e+02 6.8361910565857704e+02
    -1.7226313464397366e-01 -1.2521914565190861e-01
    -7.6231914497680436e-02 -2.4616080109093329e+02
    -1.4088551404806651e+02 6.7486001539854715e+02
    -1.8729107621952432e-01 -1.4780743537629093e-01
    -7.1981029149585304e-02 -2.4238334120949014e+02
    -1.3058164643083990e+02 6.7591438426616514e+02
    -1.7901217118811244e-01 -1.6414818821597371e-01
    -7.1332536523440071e-02 -2.4847635562790052e+02
    -1.3517346888565908e+02 6.6856340374316471e+02
    -1.6791663906167664e-01 -1.9295156462133334e-01
    -7.0382360872087352e-02 -2.6209991721442162e+02
    -1.3036122010892788e+02 6.5902825605795738e+02
    -1.5802735214718255e-01 -2.2355064280131867e-01
    -6.7635289797164377e-02 -2.7241743329075831e+02
    -1.3095003172516928e+02 6.4453858868594375e+02
    -1.7673534670368091e-01 -2.3421717724709357e-01
    -6.5831527224972125e-02 -2.6692730500353758e+02
    -1.2233896362165127e+02 6.3686265362949985e+02
    -1.5829125623237969e-01 -2.3422114107695063e-01
    -5.8488503277750750e-02 -2.6001985640243322e+02
    -1.1518674293814600e+02 6.2971488899775443e+02
    -1.9327444577838801e-01 -2.4123690908126305e-01
    -6.7138463178320062e-02 -2.5398962379911362e+02
    -1.0121776663612665e+02 6.3156146770977512e+02
    -1.8908055876628094e-01 -2.0250866608667475e-01
    -5.7482770005501525e-02 -2.1796176463274907e+02
    -9.0397918757595846e+01 6.4280444724262929e+02
    -2.5470592010577586e-01 -1.4425557775026504e-01
    -5.0140346043862360e-02 -1.5898765599861224e+02
    -6.4428513626198111e+01 6.7291056872807837e+02
    -2.5732025411683679e-01 -4.7905674068214762e-02
    -3.6596971285671513e-02 -7.8476942230738146e+01
    -5.3750277172027040e+01 6.8711384356786857e+02
    -2.6628986285906669e-01 -6.6142057948785360e-03
    -4.1557298711509628e-02 -7.9577850718530030e+01
    -5.7677390236568826e+01 7.0328715461531624e+02
    -2.5521419795521239e-01 7.3758786114509090e-02
    -4.3008538227700649e-02 -7.4344097915333180e+01
    -7.6721523430058326e+01 7.2082648986597223e+02
    -2.1001683352144818e-01 -4.8075839551128936e-02
    -9.2766211065399562e-02 -1.9824773263303979e+02
    -1.2185762166008953e+02 6.9279349634330356e+02</data></extrinsic_parameters>
