<?xml version="1.0"?>
<opencv_storage>
<calibration_time>"Wed 18 Jan 2017 16:22:04 GMT"</calibration_time>
<nr_of_frames>25</nr_of_frames>
<image_width>640</image_width>
<image_height>480</image_height>
<board_width>9</board_width>
<board_height>6</board_height>
<square_size>50.</square_size>
<fix_aspect_ratio>1.</fix_aspect_ratio>
<!-- flags: +fix_aspectRatio +fix_principal_point +zero_tangent_dist +fix_k4 +fix_k5 -->
<flags>6158</flags>
<fisheye_model>0</fisheye_model>
<camera_matrix type_id="opencv-matrix">
  <rows>3</rows>
  <cols>3</cols>
  <dt>d</dt>
  <data>
    6.8243105471003446e+02 0. 320. 0. 6.8243105471003446e+02 240. 0. 0.
    1.</data></camera_matrix>
<distortion_coefficients type_id="opencv-matrix">
  <rows>5</rows>
  <cols>1</cols>
  <dt>d</dt>
  <data>
    -1.1914934226457234e-01 2.3174114683261074e-01 0. 0.
    -1.6546251015811371e+00</data></distortion_coefficients>
<avg_reprojection_error>5.0675026956976243e-01</avg_reprojection_error>
<per_view_reprojection_errors type_id="opencv-matrix">
  <rows>25</rows>
  <cols>1</cols>
  <dt>f</dt>
  <data>
    4.01766002e-01 4.49323565e-01 3.84313405e-01 4.44326937e-01
    4.20710266e-01 3.80287677e-01 5.43928683e-01 7.45240629e-01
    6.38803959e-01 4.29540932e-01 4.63951886e-01 4.96285439e-01
    4.99323398e-01 5.14270604e-01 5.47989368e-01 5.93175232e-01
    5.67131042e-01 5.96043944e-01 5.96305072e-01 6.07401550e-01
    5.98097444e-01 4.19517606e-01 3.23225498e-01 3.50551903e-01
    3.95011514e-01</data></per_view_reprojection_errors>
<!-- a set of 6-tuples (rotation vector + translation vector) for each view -->
<extrinsic_parameters type_id="opencv-matrix">
  <rows>25</rows>
  <cols>6</cols>
  <dt>d</dt>
  <data>
    1.4686404450365645e-01 -1.4676207599781330e-01
    9.6897989621498766e-03 -2.6776438728668757e+02
    -8.8795608664798820e+01 8.5852912345122593e+02
    1.4950769306848744e-01 -1.6560117049451398e-01
    7.1664331017935361e-03 -2.6320533803422649e+02
    -8.9263558429230031e+01 8.6947852073861361e+02
    1.5382161486192733e-01 -1.0976560155894273e-01
    6.8744364832929918e-03 -2.5976492869402068e+02
    -9.0936963348251751e+01 8.8019194524346278e+02
    1.6901215628583299e-01 -4.7666365722547809e-02
    7.1720893973103673e-03 -2.4232133139114848e+02
    -9.1908385026069880e+01 8.8967953815497015e+02
    1.6623108220836752e-01 1.0557902980121801e-02 5.4148556996830750e-03
    -2.3462135690716491e+02 -1.0245626232427971e+02
    8.9979036674105032e+02 1.5560397763627126e-01
    -1.0942767242579693e-03 6.5040025846087000e-03
    -2.2551693715445586e+02 -9.9716126591086919e+01
    9.0585201343014114e+02 1.7256242355486887e-01
    -1.2211066526762729e-01 -1.8667607012505600e-02
    -2.4150692780321833e+02 -9.2950032604406786e+01
    8.8173868327749688e+02 1.7006294901534774e-01
    -2.3246369772269071e-01 -2.4201932263364132e-02
    -2.6721634105760978e+02 -9.5810151894633805e+01
    8.6394383560716938e+02 1.3674230291811662e-01
    -2.6194458648995117e-01 -3.0532642220704034e-02
    -3.0119703745362045e+02 -1.0356248716008201e+02
    8.3915734975520422e+02 1.2261954053708271e-01
    -3.4830101993370216e-01 -3.2526900123284019e-02
    -3.0698713190460978e+02 -9.5077535928375227e+01
    8.1944835232306411e+02 1.3707571905018653e-01
    -3.2928897946413505e-01 -2.4469923716369423e-02
    -2.9415815641118979e+02 -8.9056177477067152e+01
    8.1280276074405481e+02 1.3976794376119098e-01
    -3.5949158564096223e-01 -2.2365760248867834e-02
    -2.8392961211063601e+02 -8.7997316908731037e+01
    8.2067931509740845e+02 1.3694904227394308e-01
    -3.6583849447979216e-01 -1.2559523484670855e-02
    -2.5934806646029034e+02 -9.4342187085629675e+01
    8.4129994869777681e+02 1.3732793401873206e-01
    -4.0308729508503111e-01 -1.7313269794687523e-02
    -2.4842915712848585e+02 -9.5894656026025629e+01
    8.4663505043135945e+02 1.4543156958744113e-01
    -4.2070601113725997e-01 -1.5076952531497642e-02
    -2.2828649277345531e+02 -9.0004771230272283e+01
    8.5377294266672936e+02 2.0651334610442393e-01
    -3.7794628655700419e-01 -1.6141706072462132e-02
    -2.1666410549764498e+02 -8.2631371839382069e+01
    8.4825731279005095e+02 2.5044251082565505e-01
    -2.1617181230776947e-01 1.1419260134194813e-04
    -2.0312962657127039e+02 -8.5834111378297123e+01
    8.5722186037042422e+02 3.2204863177646187e-01
    -2.3965548224092678e-01 2.6529455750937753e-02
    -1.8652805190523242e+02 -1.0486006300326304e+02
    8.6032623251849338e+02 3.2881241980646947e-01
    -2.1746342152502732e-01 3.8446376597474415e-02
    -1.9019636111752655e+02 -1.1274882313288026e+02
    8.5815471030261688e+02 3.5782373358657499e-01
    -2.2003168827461769e-01 3.4938460470484940e-02
    -1.9795733283416385e+02 -1.1028553961720351e+02
    8.4843765378012915e+02 3.2823759764674698e-01
    -2.0330595041953647e-01 2.6131468508734840e-02
    -2.1085746486831417e+02 -1.1524406113278914e+02
    8.5618797530068275e+02 1.9570476388495647e-01
    -1.9449573495359937e-01 2.4272685574867375e-02
    -2.2095640974576298e+02 -1.2589821372041652e+02
    8.9420982198601837e+02 6.9850149805257819e-02
    -1.7251521144183768e-01 1.9298015360910688e-02
    -2.3305938641244418e+02 -1.2414222631998231e+02
    9.2380958053840311e+02 1.5956917286771358e-02
    -1.5211922242285197e-01 3.6739900892248711e-02
    -2.3243883007558105e+02 -1.2310186038623451e+02
    9.4146297524318607e+02 -4.4124718117720792e-02
    -1.3447764796289247e-01 3.9669190500053811e-02
    -2.3478083054095137e+02 -1.2412855120589082e+02
    9.6001524067592584e+02</data></extrinsic_parameters>
