<?xml version="1.0"?>
<opencv_storage>
<calibration_time>"Wed 18 Jan 2017 16:28:11 GMT"</calibration_time>
<nr_of_frames>25</nr_of_frames>
<image_width>640</image_width>
<image_height>480</image_height>
<board_width>9</board_width>
<board_height>6</board_height>
<square_size>50.</square_size>
<fix_aspect_ratio>1.</fix_aspect_ratio>
<!-- flags: +fix_aspectRatio +fix_principal_point +zero_tangent_dist +fix_k4 +fix_k5 -->
<flags>6158</flags>
<fisheye_model>0</fisheye_model>
<camera_matrix type_id="opencv-matrix">
  <rows>3</rows>
  <cols>3</cols>
  <dt>d</dt>
  <data>
    6.8442621270669531e+02 0. 320. 0. 6.8442621270669531e+02 240. 0. 0.
    1.</data></camera_matrix>
<distortion_coefficients type_id="opencv-matrix">
  <rows>5</rows>
  <cols>1</cols>
  <dt>d</dt>
  <data>
    -1.1694246088351580e-01 -2.5622599574638422e-01 0. 0.
    -1.7430926412062467e-02</data></distortion_coefficients>
<avg_reprojection_error>4.3543599399164296e-01</avg_reprojection_error>
<per_view_reprojection_errors type_id="opencv-matrix">
  <rows>25</rows>
  <cols>1</cols>
  <dt>f</dt>
  <data>
    3.49039108e-01 3.29306543e-01 3.52910042e-01 3.09536129e-01
    3.02306592e-01 2.64751673e-01 2.61540711e-01 2.92836398e-01
    4.08636987e-01 4.15599883e-01 3.72180581e-01 3.36746246e-01
    4.67300594e-01 4.46131259e-01 4.58596110e-01 4.17546630e-01
    6.19455576e-01 5.33367753e-01 5.92685580e-01 4.85207319e-01
    5.10170043e-01 4.61288005e-01 4.89017576e-01 5.37034690e-01
    5.69779217e-01</data></per_view_reprojection_errors>
<!-- a set of 6-tuples (rotation vector + translation vector) for each view -->
<extrinsic_parameters type_id="opencv-matrix">
  <rows>25</rows>
  <cols>6</cols>
  <dt>d</dt>
  <data>
    7.2125956646367836e-03 -1.8032887680229154e-01
    3.0748933460853558e+00 3.2849083489771937e+02 8.3491153309534667e+01
    9.5145978214254990e+02 -3.2709433418929134e-03
    -1.7857330509261710e-01 3.0768041728261397e+00
    3.3011782703551688e+02 8.2353005625904970e+01 9.5397848821727052e+02
    -3.1593463587461464e-03 -1.7492796619429735e-01
    3.0754565564580703e+00 3.3005695657399525e+02 8.1898407517587160e+01
    9.5481508274578619e+02 -4.5074591012916792e-03
    -1.7768981784948118e-01 3.0725220446171821e+00
    3.2682080446941421e+02 8.5799850651811724e+01 9.5218157198938275e+02
    3.5180734563255614e-02 -1.7717042971176827e-01
    3.0708220656791561e+00 3.1916584234044478e+02 9.0961977443578888e+01
    9.4804389039709133e+02 1.1581749361615898e-01
    -2.0128837689403145e-01 3.0788722551293861e+00
    3.0905341718518906e+02 9.9193893128590148e+01 9.3863915760295799e+02
    1.6571455897043272e-01 -1.6454366943420043e-01
    3.0725792882767826e+00 3.0326341546503517e+02 1.0196254224708623e+02
    9.3692872216358614e+02 3.2428531072462974e-01
    -1.8482957783242707e-01 3.1017790467281303e+00
    3.0034995938177843e+02 1.0796578725572303e+02 9.2772953157134441e+02
    -4.9966330543172005e-01 1.5953539839763584e-01
    -3.0616323764778270e+00 2.9817431646193086e+02
    1.1391915453019162e+02 9.1839312240930565e+02
    -4.8427704923182907e-01 1.9005563075146797e-01
    -3.0604367938856485e+00 3.0125990332289996e+02
    1.1597137074085809e+02 9.1481278423443257e+02 1.5548566227046026e-01
    -1.9592954616257519e-01 3.1037871634054728e+00
    3.0977436885379325e+02 1.0536333302900027e+02 9.3644641697337272e+02
    8.4969187499906451e-02 -1.8322666401426624e-01
    3.0955304351139854e+00 3.0371471432287160e+02 1.0172390300467926e+02
    9.4883003093194634e+02 2.4155779426703928e-02
    -1.8387856155953097e-01 3.0976242413831012e+00
    2.9127101204524774e+02 9.3697589976435324e+01 9.5848179286868151e+02
    -1.0686298671441291e-01 -1.3181095550784980e-01
    3.0802002987308250e+00 2.7229338412429564e+02 8.3666635150374375e+01
    9.6710276065618041e+02 -2.0004575543147693e-01
    -1.0085740328898304e-01 3.0546125939280730e+00
    2.5923514995884437e+02 7.4906374106724058e+01 9.7562049610302449e+02
    -3.0288423509219820e-01 -6.5705514744346979e-02
    3.0356600996197547e+00 2.4943357277150386e+02 7.0244177509748809e+01
    9.7917039199805686e+02 -4.5007454871247965e-01
    -9.4062291884044635e-02 2.9871888862663889e+00
    2.4087098742570734e+02 7.1057351821992171e+01 9.8538440752983331e+02
    -4.7472902498933067e-01 -1.0398531860629693e-02
    2.9485684510548991e+00 2.2902222674431178e+02 6.8827104890366712e+01
    9.9254096640854141e+02 -5.1198196086530923e-01
    -5.5408027045101470e-02 2.9523403743928087e+00
    2.3233990132564335e+02 7.0296154376068145e+01 9.9188932973878389e+02
    -4.6138113338954750e-01 -6.7413300576422711e-02
    2.9717976234084063e+00 2.3405759785522611e+02 7.2798016616968624e+01
    9.8654782802805551e+02 -4.0974047100040334e-01
    -1.3089979904093960e-01 3.0001950364212902e+00
    2.3678321633432029e+02 7.7735022819264628e+01 9.7826536043545877e+02
    -3.2656054169827015e-01 -1.7649254326339719e-01
    3.0406876643830585e+00 2.4164076509367644e+02 7.9872523973311402e+01
    9.7246836063710589e+02 -2.6847762847880935e-01
    -2.7860763353025159e-01 3.0872101777312997e+00
    2.5086083399402168e+02 7.8120340119542803e+01 9.6762562375965990e+02
    -2.4912447823713588e-01 -3.3607577338568356e-01
    3.0945436453882649e+00 2.5231289883884261e+02 7.9034716517395793e+01
    9.6603184574212287e+02 -2.8046960231824614e-01
    -2.9073784098093874e-01 3.0635283623730154e+00
    2.5502639898756482e+02 8.3975617510864666e+01 9.6828726466018747e+02</data></extrinsic_parameters>
